	
18724217180	
15504494354	
15567192747	
15504424142	
17002539742	
15773484554	
17190949071	
18745455689	
17070566301	
15200968714	
15543406721	
17068335427	
17134217044	
15096071560	
15526802248	
17084200978	
15500066104	
17097483489	
15773404461	
18745458351	
17089944196	
17099909240	
17070366321	
17092997643	
17191537839	
15946560675	
15584471504	
17068334758	
17051906643	
13235807415	
15643189745	
15590589145	
17192579979	
17089375397	
18714543264	
15040682093	
17123854428	
18208000742	
15604460604	
13487547892	
17153684687	
15543643212	
15567162954	
15096049057	
18249827185	
13618900848	
13467749356	
15073475459	
17072973149	
15543412017	